214.465729605253 59.8961038363627 -12430.9885537709 215.08649030082 59.1729825031043 -100 215.656666430792 59.2300001036757 -100 215.071975316661 59.9768523955977 -12692.9232869399
213.820417563219 59.830641883531 -13539.9331389066 214.570935898309 59.1031590309609 -100 215.08649030082 59.1729825031043 -100 214.465729605253 59.8961038363627 -12430.9885537709
213.225276850193 59.6503075299001 -14045.2613055224 214.179602829074 58.9368741143835 -100 214.570935898309 59.1031590309609 -100 213.820417563219 59.830641883531 -13539.9331389066
212.802474970859 59.3388032713934 -12641.027883424 213.876613522415 58.6884208143432 -100 214.179602829074 58.9368741143835 -100 213.225276850193 59.6503075299001 -14045.2613055224
212.458195879668 58.9865745207254 -11825.4545986966 213.622061297217 58.3953947949702 -100 213.876613522415 58.6884208143432 -100 212.802474970859 59.3388032713934 -12641.027883424
212.105080578662 58.689966208981 -12281.8269075444 213.209742648777 58.1081726456599 -100 213.622061297217 58.3953947949702 -100 212.458195879668 58.9865745207254 -11825.4545986966
211.719889916355 58.4142475828396 -9761.02352129839 212.731571663366 57.8480407429367 -100 213.209742648777 58.1081726456599 -100 212.105080578662 58.689966208981 -12281.8269075444
211.341168144051 58.1406267118321 -7286.81135253632 212.306492972222 57.5773409332707 -100 212.731571663366 57.8480407429367 -100 211.719889916355 58.4142475828396 -9761.02352129839
210.98189089728 57.8836840483377 -6721.93516899754 211.853911364541 57.2910468245654 -100 212.306492972222 57.5773409332707 -100 211.341168144051 58.1406267118321 -7286.81135253632
210.506441311688 57.6610185952219 -7387.47656300049 211.22291852223 57.1365008790123 -100 211.853911364541 57.2910468245654 -100 210.98189089728 57.8836840483377 -6721.93516899754
210.016922463555 57.3780147696275 -8129.54747706394 210.666995284676 56.9001495111031 -100 211.22291852223 57.1365008790123 -100 210.506441311688 57.6610185952219 -7387.47656300049
209.40245217245 57.1298083988318 -7535.92633391494 210.035331653777 56.6462893362632 -100 210.666995284676 56.9001495111031 -100 210.016922463555 57.3780147696275 -8129.54747706394
208.77982467992 56.8596045529318 -7050.8655086343 209.411347846817 56.3936281746219 -100 210.035331653777 56.6462893362632 -100 209.40245217245 57.1298083988318 -7535.92633391494
208.153095024217 56.6165327357348 -6402.19887242925 208.768569775307 56.1042512456115 -100 209.411347846817 56.3936281746219 -100 208.77982467992 56.8596045529318 -7050.8655086343
207.508818449471 56.4433864856795 -6760.34131807705 208.065747448612 55.8938474118918 -100 208.768569775307 56.1042512456115 -100 208.153095024217 56.6165327357348 -6402.19887242925
206.877595134043 56.1922027794734 -5845.12103202575 207.342771061012 55.7165014199295 -100 208.065747448612 55.8938474118918 -100 207.508818449471 56.4433864856795 -6760.34131807705
206.24707992329 55.9320491232777 -5910.08698433942 206.691868672214 55.4982865595873 -100 207.342771061012 55.7165014199295 -100 206.877595134043 56.1922027794734 -5845.12103202575
205.576312397748 55.6675285768275 -5167.08039130755 206.033041272095 55.2603695597322 -100 206.691868672214 55.4982865595873 -100 206.24707992329 55.9320491232777 -5910.08698433942
204.868591300904 55.4106302625682 -5517.91130745837 205.381224557488 55.0138966142134 -100 206.033041272095 55.2603695597322 -100 205.576312397748 55.6675285768275 -5167.08039130755
204.272526226744 55.1018625944533 -5040.39962076241 204.7671851628 54.6823590987748 -100 205.381224557488 55.0138966142134 -100 204.868591300904 55.4106302625682 -5517.91130745837
203.565853530364 54.8815003468087 -5431.73687476046 203.91065599538 54.4330515313157 -100 204.7671851628 54.6823590987748 -100 204.272526226744 55.1018625944533 -5040.39962076241
202.782511593199 54.6700913145084 -5290.28218547611 203.056528034595 54.2407326774633 -100 203.91065599538 54.4330515313157 -100 203.565853530364 54.8815003468087 -5431.73687476046
201.950114962951 54.4632345406161 -5617.15428324201 202.194094496798 54.0636052273428 -100 203.056528034595 54.2407326774633 -100 202.782511593199 54.6700913145084 -5290.28218547611
201.149132413727 54.2868016283461 -5728.00981063284 201.374207162031 53.9103349988704 -100 202.194094496798 54.0636052273428 -100 201.950114962951 54.4632345406161 -5617.15428324201
200.403186196068 54.1399336861938 -5262.06840834208 200.622680280271 53.7515751013304 -100 201.374207162031 53.9103349988704 -100 201.149132413727 54.2868016283461 -5728.00981063284
199.658148801054 54.0041466965391 -6883.87625915431 199.889700984887 53.6217371339878 -100 200.622680280271 53.7515751013304 -100 200.403186196068 54.1399336861938 -5262.06840834208
198.929043898213 53.8454035764817 -7034.698689492 199.128150435747 53.4696253669508 -100 199.889700984887 53.6217371339878 -100 199.658148801054 54.0041466965391 -6883.87625915431
198.216156887605 53.6850474034428 -6115.53060042375 198.392162217667 53.3533422878973 -100 199.128150435747 53.4696253669508 -100 198.929043898213 53.8454035764817 -7034.698689492
197.513379108287 53.5080876879571 -5932.24629534325 197.69984258012 53.2073061318039 -100 198.392162217667 53.3533422878973 -100 198.216156887605 53.6850474034428 -6115.53060042375
196.7835111133 53.3297354711575 -6436.36280433672 196.980713727999 53.0384619191979 -100 197.69984258012 53.2073061318039 -100 197.513379108287 53.5080876879571 -5932.24629534325
196.067039201895 53.1652114200667 -6381.88993212453 196.271432429796 52.8655912907263 -100 196.980713727999 53.0384619191979 -100 196.7835111133 53.3297354711575 -6436.36280433672
195.384805742054 53.0067648427403 -6135.58241737058 195.595348670625 52.6907889338984 -100 196.271432429796 52.8655912907263 -100 196.067039201895 53.1652114200667 -6381.88993212453
194.707068035393 52.848046882924 -6251.40858141041 194.913238674518 52.5328574100036 -100 195.595348670625 52.6907889338984 -100 195.384805742054 53.0067648427403 -6135.58241737058
194.052345742676 52.647488595269 -5371.02037053719 194.24442892734 52.3592541968373 -100 194.913238674518 52.5328574100036 -100 194.707068035393 52.848046882924 -6251.40858141041
193.37877063131 52.4727003629083 -5049.76892603475 193.56351629373 52.18561664937 -100 194.24442892734 52.3592541968373 -100 194.052345742676 52.647488595269 -5371.02037053719
192.685005638506 52.3184805972953 -5772.84530314023 192.868142759981 52.0316063932984 -100 193.56351629373 52.18561664937 -100 193.37877063131 52.4727003629083 -5049.76892603475
191.992552997173 52.1541697236409 -5824.15717773207 192.180716170981 51.8662365425714 -100 192.868142759981 52.0316063932984 -100 192.685005638506 52.3184805972953 -5772.84530314023
191.318349837753 51.9958850347062 -5789.98621592672 191.51944757572 51.6978768500917 -100 192.180716170981 51.8662365425714 -100 191.992552997173 52.1541697236409 -5824.15717773207
190.660483273538 51.8106506916759 -6505.83564167513 190.862048359531 51.5162888471875 -100 191.51944757572 51.6978768500917 -100 191.318349837753 51.9958850347062 -5789.98621592672
189.971683167082 51.623636024676 -6035.88374661959 190.150343474637 51.3246109387088 -100 190.862048359531 51.5162888471875 -100 190.660483273538 51.8106506916759 -6505.83564167513
189.256514006787 51.4613175977606 -5773.05097506477 189.400770185062 51.1681400794283 -100 190.150343474637 51.3246109387088 -100 189.971683167082 51.623636024676 -6035.88374661959
188.512944739429 51.3385622279018 -6220.25814511371 188.636291591421 51.0334267352649 -100 189.400770185062 51.1681400794283 -100 189.256514006787 51.4613175977606 -5773.05097506477
187.782660387033 51.2582508582056 -6519.44891793641 187.88248642695 50.9305820761219 -100 188.636291591421 51.0334267352649 -100 188.512944739429 51.3385622279018 -6220.25814511371
187.06397175764 51.1847528420556 -7048.81216989256 187.148736336075 50.8635739985048 -100 187.88248642695 50.9305820761219 -100 187.782660387033 51.2582508582056 -6519.44891793641
186.341911320657 51.1033984485437 -7328.8448900593 186.434537762368 50.8003056418684 -100 187.148736336075 50.8635739985048 -100 187.06397175764 51.1847528420556 -7048.81216989256
185.610055260329 50.996513066948 -7464.80101330475 185.709172688663 50.6963125629175 -100 186.434537762368 50.8003056418684 -100 186.341911320657 51.1033984485437 -7328.8448900593
184.860217304391 50.9244503079256 -7579.50046671479 184.944454648886 50.6040882341955 -100 185.709172688663 50.6963125629175 -100 185.610055260329 50.996513066948 -7464.80101330475
184.13560152364 50.8488202210325 -6053.14517029349 184.218259498462 50.5160901949585 -100 184.944454648886 50.6040882341955 -100 184.860217304391 50.9244503079256 -7579.50046671479
183.433348260676 50.7824917533175 -6625.1070871737 183.49788737689 50.4529505115543 -100 184.218259498462 50.5160901949585 -100 184.13560152364 50.8488202210325 -6053.14517029349
182.697693650165 50.7436853731435 -7714.60983806527 182.748463384426 50.3997371172333 -100 183.49788737689 50.4529505115543 -100 183.433348260676 50.7824917533175 -6625.1070871737
181.972833085358 50.7086869070473 -6423.83161744141 182.005149483829 50.3492135793935 -100 182.748463384426 50.3997371172333 -100 182.697693650165 50.7436853731435 -7714.60983806527
181.268317792663 50.6742006750881 -5978.97963144502 181.28131218199 50.3381626261342 -100 182.005149483829 50.3492135793935 -100 181.972833085358 50.7086869070473 -6423.83161744141
180.544193617095 50.6450646543944 -5726.71681422362 180.541910586154 50.3268740493731 -100 181.28131218199 50.3381626261342 -100 181.268317792663 50.6742006750881 -5978.97963144502
179.7859557219 50.6397720901971 -6226.85376382102 179.764678834285 50.3437829704111 -100 180.541910586154 50.3268740493731 -100 180.544193617095 50.6450646543944 -5726.71681422362
179.016260211597 50.6650828003094 -5829.23466741728 178.961409687968 50.3739055690813 -100 179.764678834285 50.3437829704111 -100 179.7859557219 50.6397720901971 -6226.85376382102
178.242963897915 50.7521029156218 -6519.06909038814 178.140893973261 50.4704066655381 -100 178.961409687968 50.3739055690813 -100 179.016260211597 50.6650828003094 -5829.23466741728
177.513374256971 50.8803090508864 -5671.07916549586 177.376734274459 50.6116498724608 -100 178.140893973261 50.4704066655381 -100 178.242963897915 50.7521029156218 -6519.06909038814
176.862730663433 51.052119597278 -4908.41860243965 176.690488566152 50.7791425976109 -100 177.376734274459 50.6116498724608 -100 177.513374256971 50.8803090508864 -5671.07916549586
176.212943380318 51.2428463885143 -6161.5148790973 176.062385307259 50.9586634961415 -100 176.690488566152 50.7791425976109 -100 176.862730663433 51.052119597278 -4908.41860243965
175.505582150608 51.3423415603336 -5692.51047631843 175.374671982367 51.0610237331847 -100 176.062385307259 50.9586634961415 -100 176.212943380318 51.2428463885143 -6161.5148790973
174.833368815326 51.4737633300249 -5511.50573865228 174.692448279191 51.2027960167599 -100 175.374671982367 51.0610237331847 -100 175.505582150608 51.3423415603336 -5692.51047631843
174.152323741371 51.5988789105749 -5943.31068580084 174.000021981201 51.3380285318868 -100 174.692448279191 51.2027960167599 -100 174.833368815326 51.4737633300249 -5511.50573865228
173.464511590716 51.7554084767046 -7251.80178970033 173.295893679069 51.5165394319651 -100 174.000021981201 51.3380285318868 -100 174.152323741371 51.5988789105749 -5943.31068580084
172.74511824628 51.9510470173021 -6279.6379126119 172.574634149496 51.7266763448854 -100 173.295893679069 51.5165394319651 -100 173.464511590716 51.7554084767046 -7251.80178970033
172.13035880211 52.1659430636498 -4231.13245661431 171.908678118538 51.9136639276869 -100 172.574634149496 51.7266763448854 -100 172.74511824628 51.9510470173021 -6279.6379126119
171.538587787763 52.4055551408536 -4513.14559901738 171.270908628453 52.1627655668973 -100 171.908678118538 51.9136639276869 -100 172.13035880211 52.1659430636498 -4231.13245661431
170.958316768634 52.6731093575952 -5172.26362205266 170.717364143817 52.4464176985852 -100 171.270908628453 52.1627655668973 -100 171.538587787763 52.4055551408536 -4513.14559901738
170.314302040164 52.9068984892751 -5246.73164134393 170.099446656844 52.6664373811876 -100 170.717364143817 52.4464176985852 -100 170.958316768634 52.6731093575952 -5172.26362205266
169.608677899345 53.105627978974 -5533.07298134757 169.389584948033 52.8497914234583 -100 170.099446656844 52.6664373811876 -100 170.314302040164 52.9068984892751 -5246.73164134393
168.906775177515 53.3490738242943 -4732.27518115895 168.622037816967 53.1183098280372 -100 169.389584948033 52.8497914234583 -100 169.608677899345 53.105627978974 -5533.07298134757
168.356228300291 53.6634903484443 -4365.46876511228 168.045550031968 53.4485966733094 -100 168.622037816967 53.1183098280372 -100 168.906775177515 53.3490738242943 -4732.27518115895
167.766997702886 53.9428519202812 -4372.50926037018 167.57577570999 53.6749768200107 -100 168.045550031968 53.4485966733094 -100 168.356228300291 53.6634903484443 -4365.46876511228
167.184734521465 54.2330173888161 -4551.84226408931 166.966656994507 53.9685060010328 -100 167.57577570999 53.6749768200107 -100 167.766997702886 53.9428519202812 -4372.50926037018
166.615124656864 54.5125550183268 -4678.40651420333 166.400528357736 54.2413186250434 -100 166.966656994507 53.9685060010328 -100 167.184734521465 54.2330173888161 -4551.84226408931
166.084386887043 54.7713310812517 -4778.21150105465 165.892828470848 54.4859749263774 -100 166.400528357736 54.2413186250434 -100 166.615124656864 54.5125550183268 -4678.40651420333
165.579384802195 55.0232439007251 -4948.56703941138 165.392929807826 54.7268718836062 -100 165.892828470848 54.4859749263774 -100 166.084386887043 54.7713310812517 -4778.21150105465
165.097958711529 55.2743526932552 -5330.43981946406 164.878304622641 54.9748654278876 -100 165.392929807826 54.7268718836062 -100 165.579384802195 55.0232439007251 -4948.56703941138
164.56325158991 55.538386120187 -5504.17372240177 164.371259931662 55.2192060650252 -100 164.878304622641 54.9748654278876 -100 165.097958711529 55.2743526932552 -5330.43981946406
213.801999860778 60.6092880263715 -28325.1459115897 214.465729605253 59.8961038363627 -12430.9885537709 215.071975316661 59.9768523955977 -12692.9232869399 214.472627324328 60.7229748513414 -26708.464364065
213.103011089851 60.5698405596921 -28169.3104151468 213.820417563219 59.830641883531 -13539.9331389066 214.465729605253 59.8961038363627 -12430.9885537709 213.801999860778 60.6092880263715 -28325.1459115897
212.41841354587 60.4245984288427 -28885.6900458315 213.225276850193 59.6503075299001 -14045.2613055224 213.820417563219 59.830641883531 -13539.9331389066 213.103011089851 60.5698405596921 -28169.3104151468
211.994141200849 60.0997707246481 -28425.7666947202 212.802474970859 59.3388032713934 -12641.027883424 213.225276850193 59.6503075299001 -14045.2613055224 212.41841354587 60.4245984288427 -28885.6900458315
211.606465766735 59.712144449557 -25088.7596715488 212.458195879668 58.9865745207254 -11825.4545986966 212.802474970859 59.3388032713934 -12641.027883424 211.994141200849 60.0997707246481 -28425.7666947202
211.234588625952 59.3717691131699 -23213.4260088092 212.105080578662 58.689966208981 -12281.8269075444 212.458195879668 58.9865745207254 -11825.4545986966 211.606465766735 59.712144449557 -25088.7596715488
210.782330925774 59.021029048984 -20597.017806848 211.719889916355 58.4142475828396 -9761.02352129839 212.105080578662 58.689966208981 -12281.8269075444 211.234588625952 59.3717691131699 -23213.4260088092
210.466651613936 58.7491129152243 -16604.1107749667 211.341168144051 58.1406267118321 -7286.81135253632 211.719889916355 58.4142475828396 -9761.02352129839 210.782330925774 59.021029048984 -20597.017806848
210.008384210622 58.4352598699729 -15449.28856266 210.98189089728 57.8836840483377 -6721.93516899754 211.341168144051 58.1406267118321 -7286.81135253632 210.466651613936 58.7491129152243 -16604.1107749667
209.750156511881 58.1689648850815 -17591.7775187097 210.506441311688 57.6610185952219 -7387.47656300049 210.98189089728 57.8836840483377 -6721.93516899754 210.008384210622 58.4352598699729 -15449.28856266
209.44609728314 57.8679531073648 -20760.0251627924 210.016922463555 57.3780147696275 -8129.54747706394 210.506441311688 57.6610185952219 -7387.47656300049 209.750156511881 58.1689648850815 -17591.7775187097
208.90846303681 57.6474168407239 -19335.2628009359 209.40245217245 57.1298083988318 -7535.92633391494 210.016922463555 57.3780147696275 -8129.54747706394 209.44609728314 57.8679531073648 -20760.0251627924
208.208701541268 57.3441344959384 -18531.3208788706 208.77982467992 56.8596045529318 -7050.8655086343 209.40245217245 57.1298083988318 -7535.92633391494 208.90846303681 57.6474168407239 -19335.2628009359
207.549100996282 57.13369268852 -14871.7673031332 208.153095024217 56.6165327357348 -6402.19887242925 208.77982467992 56.8596045529318 -7050.8655086343 208.208701541268 57.3441344959384 -18531.3208788706
206.892314157234 56.9749860925271 -15131.7786601249 207.508818449471 56.4433864856795 -6760.34131807705 208.153095024217 56.6165327357348 -6402.19887242925 207.549100996282 57.13369268852 -14871.7673031332
206.379567600013 56.6573446430073 -13805.7788318976 206.877595134043 56.1922027794734 -5845.12103202575 207.508818449471 56.4433864856795 -6760.34131807705 206.892314157234 56.9749860925271 -15131.7786601249
205.798233504999 56.3638436478816 -13924.0114456063 206.24707992329 55.9320491232777 -5910.08698433942 206.877595134043 56.1922027794734 -5845.12103202575 206.379567600013 56.6573446430073 -13805.7788318976
205.131101452939 56.0771579757801 -13222.9769900162 205.576312397748 55.6675285768275 -5167.08039130755 206.24707992329 55.9320491232777 -5910.08698433942 205.798233504999 56.3638436478816 -13924.0114456063
204.431998085418 55.8357815648344 -12991.4655149733 204.868591300904 55.4106302625682 -5517.91130745837 205.576312397748 55.6675285768275 -5167.08039130755 205.131101452939 56.0771579757801 -13222.9769900162
203.833196706353 55.5382371660734 -13069.6399186087 204.272526226744 55.1018625944533 -5040.39962076241 204.868591300904 55.4106302625682 -5517.91130745837 204.431998085418 55.8357815648344 -12991.4655149733
203.136920186147 55.3020518961365 -14012.2303885289 203.565853530364 54.8815003468087 -5431.73687476046 204.272526226744 55.1018625944533 -5040.39962076241 203.833196706353 55.5382371660734 -13069.6399186087
202.413267645789 55.0690910699861 -15256.7273341406 202.782511593199 54.6700913145084 -5290.28218547611 203.565853530364 54.8815003468087 -5431.73687476046 203.136920186147 55.3020518961365 -14012.2303885289
201.63596268555 54.8380875539765 -16434.3304753244 201.950114962951 54.4632345406161 -5617.15428324201 202.782511593199 54.6700913145084 -5290.28218547611 202.413267645789 55.0690910699861 -15256.7273341406
200.877433975709 54.6459195380746 -15474.4633019231 201.149132413727 54.2868016283461 -5728.00981063284 201.950114962951 54.4632345406161 -5617.15428324201 201.63596268555 54.8380875539765 -16434.3304753244
200.112462111751 54.5061494741598 -14606.314148706 200.403186196068 54.1399336861938 -5262.06840834208 201.149132413727 54.2868016283461 -5728.00981063284 200.877433975709 54.6459195380746 -15474.4633019231
199.371420112782 54.3715893450201 -15852.2381829419 199.658148801054 54.0041466965391 -6883.87625915431 200.403186196068 54.1399336861938 -5262.06840834208 200.112462111751 54.5061494741598 -14606.314148706
198.677507165432 54.2065671160961 -16433.8418688475 198.929043898213 53.8454035764817 -7034.698689492 199.658148801054 54.0041466965391 -6883.87625915431 199.371420112782 54.3715893450201 -15852.2381829419
198.001677034748 54.0023366295824 -15752.7844600397 198.216156887605 53.6850474034428 -6115.53060042375 198.929043898213 53.8454035764817 -7034.698689492 198.677507165432 54.2065671160961 -16433.8418688475
197.305145309151 53.7955920514957 -15896.3926184969 197.513379108287 53.5080876879571 -5932.24629534325 198.216156887605 53.6850474034428 -6115.53060042375 198.001677034748 54.0023366295824 -15752.7844600397
196.581478457054 53.6131671934588 -16085.2943274077 196.7835111133 53.3297354711575 -6436.36280433672 197.513379108287 53.5080876879571 -5932.24629534325 197.305145309151 53.7955920514957 -15896.3926184969
195.869749226739 53.4594563892741 -16297.7237277358 196.067039201895 53.1652114200667 -6381.88993212453 196.7835111133 53.3297354711575 -6436.36280433672 196.581478457054 53.6131671934588 -16085.2943274077
195.175612388235 53.3161556102747 -15972.7331478439 195.384805742054 53.0067648427403 -6135.58241737058 196.067039201895 53.1652114200667 -6381.88993212453 195.869749226739 53.4594563892741 -16297.7237277358
194.499367141473 53.1555646217053 -16375.1464765442 194.707068035393 52.848046882924 -6251.40858141041 195.384805742054 53.0067648427403 -6135.58241737058 195.175612388235 53.3161556102747 -15972.7331478439
193.871541692636 52.928602854086 -15410.9821204792 194.052345742676 52.647488595269 -5371.02037053719 194.707068035393 52.848046882924 -6251.40858141041 194.499367141473 53.1555646217053 -16375.1464765442
193.191098503169 52.75000176623 -14650.1451942298 193.37877063131 52.4727003629083 -5049.76892603475 194.052345742676 52.647488595269 -5371.02037053719 193.871541692636 52.928602854086 -15410.9821204792
192.496935504358 52.5964431170149 -15303.2544868178 192.685005638506 52.3184805972953 -5772.84530314023 193.37877063131 52.4727003629083 -5049.76892603475 193.191098503169 52.75000176623 -14650.1451942298
191.811490977959 52.436402842409 -15337.1437496905 191.992552997173 52.1541697236409 -5824.15717773207 192.685005638506 52.3184805972953 -5772.84530314023 192.496935504358 52.5964431170149 -15303.2544868178
191.125538629188 52.2885222809093 -15446.7895576724 191.318349837753 51.9958850347062 -5789.98621592672 191.992552997173 52.1541697236409 -5824.15717773207 191.811490977959 52.436402842409 -15337.1437496905
190.475554504154 52.1031569099761 -16074.1552824734 190.660483273538 51.8106506916759 -6505.83564167513 191.318349837753 51.9958850347062 -5789.98621592672 191.125538629188 52.2885222809093 -15446.7895576724
189.806653255216 51.9175121591468 -16065.6148781517 189.971683167082 51.623636024676 -6035.88374661959 190.660483273538 51.8106506916759 -6505.83564167513 190.475554504154 52.1031569099761 -16074.1552824734
189.11386634516 51.7459881408787 -15745.9784547121 189.256514006787 51.4613175977606 -5773.05097506477 189.971683167082 51.623636024676 -6035.88374661959 189.806653255216 51.9175121591468 -16065.6148781517
188.384678552811 51.6368076863408 -15552.5131409732 188.512944739429 51.3385622279018 -6220.25814511371 189.256514006787 51.4613175977606 -5773.05097506477 189.11386634516 51.7459881408787 -15745.9784547121
187.660770938521 51.5767795514134 -16346.1372142998 187.782660387033 51.2582508582056 -6519.44891793641 188.512944739429 51.3385622279018 -6220.25814511371 188.384678552811 51.6368076863408 -15552.5131409732
186.952163732007 51.4974621901121 -16844.0741716224 187.06397175764 51.1847528420556 -7048.81216989256 187.782660387033 51.2582508582056 -6519.44891793641 187.660770938521 51.5767795514134 -16346.1372142998
186.241144704867 51.3987983795643 -17674.5362410132 186.341911320657 51.1033984485437 -7328.8448900593 187.06397175764 51.1847528420556 -7048.81216989256 186.952163732007 51.4974621901121 -16844.0741716224
185.524872562033 51.2918299385921 -17801.4799089919 185.610055260329 50.996513066948 -7464.80101330475 186.341911320657 51.1033984485437 -7328.8448900593 186.241144704867 51.3987983795643 -17674.5362410132
184.800611860011 51.2409028621969 -17997.6084588099 184.860217304391 50.9244503079256 -7579.50046671479 185.610055260329 50.996513066948 -7464.80101330475 185.524872562033 51.2918299385921 -17801.4799089919
184.08114217587 51.1769131149472 -15821.9365018341 184.13560152364 50.8488202210325 -6053.14517029349 184.860217304391 50.9244503079256 -7579.50046671479 184.800611860011 51.2409028621969 -17997.6084588099
183.364609640729 51.1067389137937 -15857.8039092535 183.433348260676 50.7824917533175 -6625.1070871737 184.13560152364 50.8488202210325 -6053.14517029349 184.08114217587 51.1769131149472 -15821.9365018341
182.652107213132 51.0837816880552 -17674.2585339241 182.697693650165 50.7436853731435 -7714.60983806527 183.433348260676 50.7824917533175 -6625.1070871737 183.364609640729 51.1067389137937 -15857.8039092535
181.954971572963 51.0628631465685 -16227.5461083262 181.972833085358 50.7086869070473 -6423.83161744141 182.697693650165 50.7436853731435 -7714.60983806527 182.652107213132 51.0837816880552 -17674.2585339241
181.246347523105 51.0044097007345 -15211.852366841 181.268317792663 50.6742006750881 -5978.97963144502 181.972833085358 50.7086869070473 -6423.83161744141 181.954971572963 51.0628631465685 -16227.5461083262
180.537143488112 50.9560842520614 -15279.3128926708 180.544193617095 50.6450646543944 -5726.71681422362 181.268317792663 50.6742006750881 -5978.97963144502 181.246347523105 51.0044097007345 -15211.852366841
179.810181505518 50.9286302115889 -15806.7338310079 179.7859557219 50.6397720901971 -6226.85376382102 180.544193617095 50.6450646543944 -5726.71681422362 180.537143488112 50.9560842520614 -15279.3128926708
179.063685074257 50.9502840692795 -14886.4310641786 179.016260211597 50.6650828003094 -5829.23466741728 179.7859557219 50.6397720901971 -6226.85376382102 179.810181505518 50.9286302115889 -15806.7338310079
178.339693646055 51.0285994834668 -15814.6955739162 178.242963897915 50.7521029156218 -6519.06909038814 179.016260211597 50.6650828003094 -5829.23466741728 179.063685074257 50.9502840692795 -14886.4310641786
177.627726722931 51.1471822051713 -14041.6133377701 177.513374256971 50.8803090508864 -5671.07916549586 178.242963897915 50.7521029156218 -6519.06909038814 178.339693646055 51.0285994834668 -15814.6955739162
176.978921326117 51.3314055518865 -12731.969290655 176.862730663433 51.052119597278 -4908.41860243965 177.513374256971 50.8803090508864 -5671.07916549586 177.627726722931 51.1471822051713 -14041.6133377701
176.34342003166 51.5257372898071 -15042.3251819766 176.212943380318 51.2428463885143 -6161.5148790973 176.862730663433 51.052119597278 -4908.41860243965 176.978921326117 51.3314055518865 -12731.969290655
175.661656186462 51.6135853104642 -14083.8336852731 175.505582150608 51.3423415603336 -5692.51047631843 176.212943380318 51.2428463885143 -6161.5148790973 176.34342003166 51.5257372898071 -15042.3251819766
174.98852715227 51.736221173291 -13843.4552604769 174.833368815326 51.4737633300249 -5511.50573865228 175.505582150608 51.3423415603336 -5692.51047631843 175.661656186462 51.6135853104642 -14083.8336852731
174.302752259739 51.8533509963847 -14909.6749507027 174.152323741371 51.5988789105749 -5943.31068580084 174.833368815326 51.4737633300249 -5511.50573865228 174.98852715227 51.736221173291 -13843.4552604769
173.620178290639 51.9907179584837 -17022.3199170389 173.464511590716 51.7554084767046 -7251.80178970033 174.152323741371 51.5988789105749 -5943.31068580084 174.302752259739 51.8533509963847 -14909.6749507027
172.929442563608 52.1541389292093 -17751.2425290424 172.74511824628 51.9510470173021 -6279.6379126119 173.464511590716 51.7554084767046 -7251.80178970033 173.620178290639 51.9907179584837 -17022.3199170389
172.365802947849 52.4067731268439 -11794.3146827102 172.13035880211 52.1659430636498 -4231.13245661431 172.74511824628 51.9510470173021 -6279.6379126119 172.929442563608 52.1541389292093 -17751.2425290424
171.77503756971 52.6525416662693 -12770.1057575254 171.538587787763 52.4055551408536 -4513.14559901738 172.13035880211 52.1659430636498 -4231.13245661431 172.365802947849 52.4067731268439 -11794.3146827102
171.175795124571 52.8986648118647 -14353.3850633313 170.958316768634 52.6731093575952 -5172.26362205266 171.538587787763 52.4055551408536 -4513.14559901738 171.77503756971 52.6525416662693 -12770.1057575254
170.54056188168 53.1351937347432 -14147.7342895077 170.314302040164 52.9068984892751 -5246.73164134393 170.958316768634 52.6731093575952 -5172.26362205266 171.175795124571 52.8986648118647 -14353.3850633313
169.868290375388 53.3412350437374 -14073.3987166535 169.608677899345 53.105627978974 -5533.07298134757 170.314302040164 52.9068984892751 -5246.73164134393 170.54056188168 53.1351937347432 -14147.7342895077
169.191597795396 53.574834399195 -12148.3848626117 168.906775177515 53.3490738242943 -4732.27518115895 169.608677899345 53.105627978974 -5533.07298134757 169.868290375388 53.3412350437374 -14073.3987166535
168.635079638755 53.887667861234 -11635.3645074348 168.356228300291 53.6634903484443 -4365.46876511228 168.906775177515 53.3490738242943 -4732.27518115895 169.191597795396 53.574834399195 -12148.3848626117
168.040850795139 54.178489736133 -11564.4117530374 167.766997702886 53.9428519202812 -4372.50926037018 168.356228300291 53.6634903484443 -4365.46876511228 168.635079638755 53.887667861234 -11635.3645074348
167.468211892096 54.4703962536397 -11723.6679874072 167.184734521465 54.2330173888161 -4551.84226408931 167.766997702886 53.9428519202812 -4372.50926037018 168.040850795139 54.178489736133 -11564.4117530374
166.89630455469 54.7581405204938 -11808.4627448839 166.615124656864 54.5125550183268 -4678.40651420333 167.184734521465 54.2330173888161 -4551.84226408931 167.468211892096 54.4703962536397 -11723.6679874072
166.333597054851 55.0379819277614 -11827.9222348353 166.084386887043 54.7713310812517 -4778.21150105465 166.615124656864 54.5125550183268 -4678.40651420333 166.89630455469 54.7581405204938 -11808.4627448839
165.77978716156 55.3138248986683 -11855.3122870951 165.579384802195 55.0232439007251 -4948.56703941138 166.084386887043 54.7713310812517 -4778.21150105465 166.333597054851 55.0379819277614 -11827.9222348353
165.238773208631 55.586554381734 -11945.3950504553 165.097958711529 55.2743526932552 -5330.43981946406 165.579384802195 55.0232439007251 -4948.56703941138 165.77978716156 55.3138248986683 -11855.3122870951
164.746756644971 55.857431275573 -12470.7936096896 164.56325158991 55.538386120187 -5504.17372240177 165.097958711529 55.2743526932552 -5330.43981946406 165.238773208631 55.586554381734 -11945.3950504553
213.145534725086 61.3396735567208 -36397.0869141982 213.801999860778 60.6092880263715 -28325.1459115897 214.472627324328 60.7229748513414 -26708.464364065 213.920872319778 61.4896318050253 -35006.0385846688
212.520472572661 61.3522502216636 -34701.3580989112 213.103011089851 60.5698405596921 -28169.3104151468 213.801999860778 60.6092880263715 -28325.1459115897 213.145534725086 61.3396735567208 -36397.0869141982
211.746668715872 61.2473853473106 -33718.0244626362 212.41841354587 60.4245984288427 -28885.6900458315 213.103011089851 60.5698405596921 -28169.3104151468 212.520472572661 61.3522502216636 -34701.3580989112
211.384698767096 60.9276964890797 -34129.3298741954 211.994141200849 60.0997707246481 -28425.7666947202 212.41841354587 60.4245984288427 -28885.6900458315 211.746668715872 61.2473853473106 -33718.0244626362
211.054116638655 60.5286873012636 -34111.413781627 211.606465766735 59.712144449557 -25088.7596715488 211.994141200849 60.0997707246481 -28425.7666947202 211.384698767096 60.9276964890797 -34129.3298741954
210.609250503484 60.134956497356 -31944.6314908348 211.234588625952 59.3717691131699 -23213.4260088092 211.606465766735 59.712144449557 -25088.7596715488 211.054116638655 60.5286873012636 -34111.413781627
210.185677181298 59.7427399948908 -29154.8491503175 210.782330925774 59.021029048984 -20597.017806848 211.234588625952 59.3717691131699 -23213.4260088092 210.609250503484 60.134956497356 -31944.6314908348
209.768130860388 59.4173509371179 -26875.7462653454 210.466651613936 58.7491129152243 -16604.1107749667 210.782330925774 59.021029048984 -20597.017806848 210.185677181298 59.7427399948908 -29154.8491503175
209.232935756803 59.0742023184411 -23735.6635228595 210.008384210622 58.4352598699729 -15449.28856266 210.466651613936 58.7491129152243 -16604.1107749667 209.768130860388 59.4173509371179 -26875.7462653454
209.040426960098 58.7044192337632 -27376.1983288325 209.750156511881 58.1689648850815 -17591.7775187097 210.008384210622 58.4352598699729 -15449.28856266 209.232935756803 59.0742023184411 -23735.6635228595
208.832763979525 58.3629181429655 -31789.4359350213 209.44609728314 57.8679531073648 -20760.0251627924 209.750156511881 58.1689648850815 -17591.7775187097 209.040426960098 58.7044192337632 -27376.1983288325
208.224160127238 58.1095436775697 -30624.375285538 208.90846303681 57.6474168407239 -19335.2628009359 209.44609728314 57.8679531073648 -20760.0251627924 208.832763979525 58.3629181429655 -31789.4359350213
207.622076453401 57.8272813024337 -30049.3438333356 208.208701541268 57.3441344959384 -18531.3208788706 208.90846303681 57.6474168407239 -19335.2628009359 208.224160127238 58.1095436775697 -30624.375285538
206.985440081039 57.6528876857835 -26631.4689803776 207.549100996282 57.13369268852 -14871.7673031332 208.208701541268 57.3441344959384 -18531.3208788706 207.622076453401 57.8272813024337 -30049.3438333356
206.256199874885 57.4990836898063 -25425.9764783835 206.892314157234 56.9749860925271 -15131.7786601249 207.549100996282 57.13369268852 -14871.7673031332 206.985440081039 57.6528876857835 -26631.4689803776
205.841217671563 57.1082862531248 -23816.9392979148 206.379567600013 56.6573446430073 -13805.7788318976 206.892314157234 56.9749860925271 -15131.7786601249 206.256199874885 57.4990836898063 -25425.9764783835
205.332017057189 56.786528784294 -25063.4096073379 205.798233504999 56.3638436478816 -13924.0114456063 206.379567600013 56.6573446430073 -13805.7788318976 205.841217671563 57.1082862531248 -23816.9392979148
204.672938204946 56.4744975249595 -25792.6223465164 205.131101452939 56.0771579757801 -13222.9769900162 205.798233504999 56.3638436478816 -13924.0114456063 205.332017057189 56.786528784294 -25063.4096073379
203.944510994777 56.2359007159366 -25105.8112687184 204.431998085418 55.8357815648344 -12991.4655149733 205.131101452939 56.0771579757801 -13222.9769900162 204.672938204946 56.4744975249595 -25792.6223465164
203.318601278892 55.9431293742709 -25261.2081513285 203.833196706353 55.5382371660734 -13069.6399186087 204.431998085418 55.8357815648344 -12991.4655149733 203.944510994777 56.2359007159366 -25105.8112687184
202.649742418334 55.6949442424064 -27058.9590650477 203.136920186147 55.3020518961365 -14012.2303885289 203.833196706353 55.5382371660734 -13069.6399186087 203.318601278892 55.9431293742709 -25261.2081513285
201.991172691139 55.4419215108456 -29435.1097948714 202.413267645789 55.0690910699861 -15256.7273341406 203.136920186147 55.3020518961365 -14012.2303885289 202.649742418334 55.6949442424064 -27058.9590650477
201.303009400191 55.2032055985344 -29653.420483009 201.63596268555 54.8380875539765 -16434.3304753244 202.413267645789 55.0690910699861 -15256.7273341406 201.991172691139 55.4419215108456 -29435.1097948714
200.582590935707 54.9926723553953 -28558.0899198606 200.877433975709 54.6459195380746 -15474.4633019231 201.63596268555 54.8380875539765 -16434.3304753244 201.303009400191 55.2032055985344 -29653.420483009
199.8224267451 54.8642047065922 -27917.9670181227 200.112462111751 54.5061494741598 -14606.314148706 200.877433975709 54.6459195380746 -15474.4633019231 200.582590935707 54.9926723553953 -28558.0899198606
199.0836474622 54.7315973911139 -28394.7809158268 199.371420112782 54.3715893450201 -15852.2381829419 200.112462111751 54.5061494741598 -14606.314148706 199.8224267451 54.8642047065922 -27917.9670181227
198.387777841404 54.5522081592684 -28633.1985966869 198.677507165432 54.2065671160961 -16433.8418688475 199.371420112782 54.3715893450201 -15852.2381829419 199.0836474622 54.7315973911139 -28394.7809158268
197.750291169921 54.3019144704051 -28530.9976160819 198.001677034748 54.0023366295824 -15752.7844600397 198.677507165432 54.2065671160961 -16433.8418688475 198.387777841404 54.5522081592684 -28633.1985966869
197.083055705179 54.0702403724354 -28934.2114991134 197.305145309151 53.7955920514957 -15896.3926184969 198.001677034748 54.0023366295824 -15752.7844600397 197.750291169921 54.3019144704051 -28530.9976160819
196.378884331297 53.8858147262874 -29242.249335602 196.581478457054 53.6131671934588 -16085.2943274077 197.305145309151 53.7955920514957 -15896.3926184969 197.083055705179 54.0702403724354 -28934.2114991134
195.666502293773 53.7441923346056 -29047.5546059341 195.869749226739 53.4594563892741 -16297.7237277358 196.581478457054 53.6131671934588 -16085.2943274077 196.378884331297 53.8858147262874 -29242.249335602
194.95906415456 53.6141320237736 -29263.4118746048 195.175612388235 53.3161556102747 -15972.7331478439 195.869749226739 53.4594563892741 -16297.7237277358 195.666502293773 53.7441923346056 -29047.5546059341
194.285662979093 53.451556657915 -29910.8047287827 194.499367141473 53.1555646217053 -16375.1464765442 195.175612388235 53.3161556102747 -15972.7331478439 194.95906415456 53.6141320237736 -29263.4118746048
193.68262857971 53.1970733514748 -28850.7814216981 193.871541692636 52.928602854086 -15410.9821204792 194.499367141473 53.1555646217053 -16375.1464765442 194.285662979093 53.451556657915 -29910.8047287827
193.01510821777 53.0156086405099 -28582.6985587503 193.191098503169 52.75000176623 -14650.1451942298 193.871541692636 52.928602854086 -15410.9821204792 193.68262857971 53.1970733514748 -28850.7814216981
192.323568622328 52.8662429349478 -28553.0552870436 192.496935504358 52.5964431170149 -15303.2544868178 193.191098503169 52.75000176623 -14650.1451942298 193.01510821777 53.0156086405099 -28582.6985587503
191.64210174774 52.7111804504912 -28240.673184223 191.811490977959 52.436402842409 -15337.1437496905 192.496935504358 52.5964431170149 -15303.2544868178 192.323568622328 52.8662429349478 -28553.0552870436
190.955328829577 52.5753190726868 -28821.2776494718 191.125538629188 52.2885222809093 -15446.7895576724 191.811490977959 52.436402842409 -15337.1437496905 191.64210174774 52.7111804504912 -28240.673184223
190.302792693469 52.3901150435716 -28615.1343602176 190.475554504154 52.1031569099761 -16074.1552824734 191.125538629188 52.2885222809093 -15446.7895576724 190.955328829577 52.5753190726868 -28821.2776494718
189.645122111687 52.2049993686733 -28689.022137384 189.806653255216 51.9175121591468 -16065.6148781517 190.475554504154 52.1031569099761 -16074.1552824734 190.302792693469 52.3901150435716 -28615.1343602176
188.978527908789 52.021777425661 -29034.1174449198 189.11386634516 51.7459881408787 -15745.9784547121 189.806653255216 51.9175121591468 -16065.6148781517 189.645122111687 52.2049993686733 -28689.022137384
188.263606296113 51.9257201661169 -28508.9111957369 188.384678552811 51.6368076863408 -15552.5131409732 189.11386634516 51.7459881408787 -15745.9784547121 188.978527908789 52.021777425661 -29034.1174449198
187.54176398566 51.8876676502801 -29158.4878404601 187.660770938521 51.5767795514134 -16346.1372142998 188.384678552811 51.6368076863408 -15552.5131409732 188.263606296113 51.9257201661169 -28508.9111957369
186.835551786927 51.8039728593348 -28790.1439007744 186.952163732007 51.4974621901121 -16844.0741716224 187.660770938521 51.5767795514134 -16346.1372142998 187.54176398566 51.8876676502801 -29158.4878404601
186.141871851401 51.6898330524988 -29716.7598101731 186.241144704867 51.3987983795643 -17674.5362410132 186.952163732007 51.4974621901121 -16844.0741716224 186.835551786927 51.8039728593348 -28790.1439007744
185.442361991579 51.5813508738019 -30300.3462166783 185.524872562033 51.2918299385921 -17801.4799089919 186.241144704867 51.3987983795643 -17674.5362410132 186.141871851401 51.6898330524988 -29716.7598101731
184.73158170767 51.5498106197749 -30964.1534075989 184.800611860011 51.2409028621969 -17997.6084588099 185.524872562033 51.2918299385921 -17801.4799089919 185.442361991579 51.5813508738019 -30300.3462166783
184.031736518837 51.4938453288742 -29748.4415860892 184.08114217587 51.1769131149472 -15821.9365018341 184.800611860011 51.2409028621969 -17997.6084588099 184.73158170767 51.5498106197749 -30964.1534075989
183.319030929024 51.4207763615775 -29432.8013228176 183.364609640729 51.1067389137937 -15857.8039092535 184.08114217587 51.1769131149472 -15821.9365018341 184.031736518837 51.4938453288742 -29748.4415860892
182.61854463477 51.4189344436433 -29894.6141484771 182.652107213132 51.0837816880552 -17674.2585339241 183.364609640729 51.1067389137937 -15857.8039092535 183.319030929024 51.4207763615775 -29432.8013228176
181.925909263015 51.4086591806249 -29273.2694467466 181.954971572963 51.0628631465685 -16227.5461083262 182.652107213132 51.0837816880552 -17674.2585339241 182.61854463477 51.4189344436433 -29894.6141484771
181.228992072533 51.3290411927925 -26769.513715682 181.246347523105 51.0044097007345 -15211.852366841 181.954971572963 51.0628631465685 -16227.5461083262 181.925909263015 51.4086591806249 -29273.2694467466
180.536849132606 51.2615692273825 -26999.9539384503 180.537143488112 50.9560842520614 -15279.3128926708 181.246347523105 51.0044097007345 -15211.852366841 181.228992072533 51.3290411927925 -26769.513715682
179.83984864529 51.2083042241471 -28337.3137697896 179.810181505518 50.9286302115889 -15806.7338310079 180.537143488112 50.9560842520614 -15279.3128926708 180.536849132606 51.2615692273825 -26999.9539384503
179.119597781666 51.2221345191763 -27966.5492731592 179.063685074257 50.9502840692795 -14886.4310641786 179.810181505518 50.9286302115889 -15806.7338310079 179.83984864529 51.2083042241471 -28337.3137697896
178.421078170869 51.2979652785791 -28070.6501594268 178.339693646055 51.0285994834668 -15814.6955739162 179.063685074257 50.9502840692795 -14886.4310641786 179.119597781666 51.2221345191763 -27966.5492731592
177.737023476515 51.4014871786382 -26756.2238299649 177.627726722931 51.1471822051713 -14041.6133377701 178.339693646055 51.0285994834668 -15814.6955739162 178.421078170869 51.2979652785791 -28070.6501594268
177.09648979681 51.5930146862468 -26042.6787056746 176.978921326117 51.3314055518865 -12731.969290655 177.627726722931 51.1471822051713 -14041.6133377701 177.737023476515 51.4014871786382 -26756.2238299649
176.491329521797 51.8042218715843 -24351.5100016203 176.34342003166 51.5257372898071 -15042.3251819766 176.978921326117 51.3314055518865 -12731.969290655 177.09648979681 51.5930146862468 -26042.6787056746
175.810892829733 51.8774156376084 -25446.5667293105 175.661656186462 51.6135853104642 -14083.8336852731 176.34342003166 51.5257372898071 -15042.3251819766 176.491329521797 51.8042218715843 -24351.5100016203
175.125406518277 51.9894271824616 -26207.8537734875 174.98852715227 51.736221173291 -13843.4552604769 175.661656186462 51.6135853104642 -14083.8336852731 175.810892829733 51.8774156376084 -25446.5667293105
174.441666765537 52.0960431364042 -28042.8348342025 174.302752259739 51.8533509963847 -14909.6749507027 174.98852715227 51.736221173291 -13843.4552604769 175.125406518277 51.9894271824616 -26207.8537734875
173.763267413645 52.2163354068822 -30147.0275353015 173.620178290639 51.9907179584837 -17022.3199170389 174.302752259739 51.8533509963847 -14909.6749507027 174.441666765537 52.0960431364042 -28042.8348342025
173.093532733704 52.3522770007701 -31714.5132979617 172.929442563608 52.1541389292093 -17751.2425290424 173.620178290639 51.9907179584837 -17022.3199170389 173.763267413645 52.2163354068822 -30147.0275353015
172.589923176996 52.6260536996778 -26259.2160316328 172.365802947849 52.4067731268439 -11794.3146827102 172.929442563608 52.1541389292093 -17751.2425290424 173.093532733704 52.3522770007701 -31714.5132979617
172.007296509221 52.8819765664212 -26358.6683585864 171.77503756971 52.6525416662693 -12770.1057575254 172.365802947849 52.4067731268439 -11794.3146827102 172.589923176996 52.6260536996778 -26259.2160316328
171.387248822434 53.1087659592032 -27921.3581309965 171.175795124571 52.8986648118647 -14353.3850633313 171.77503756971 52.6525416662693 -12770.1057575254 172.007296509221 52.8819765664212 -26358.6683585864
170.767310541291 53.3439120885914 -27796.5286065834 170.54056188168 53.1351937347432 -14147.7342895077 171.175795124571 52.8986648118647 -14353.3850633313 171.387248822434 53.1087659592032 -27921.3581309965
170.125361425099 53.5588559519922 -27572.4342804145 169.868290375388 53.3412350437374 -14073.3987166535 170.54056188168 53.1351937347432 -14147.7342895077 170.767310541291 53.3439120885914 -27796.5286065834
169.474982480013 53.7752055172886 -25662.7019904613 169.191597795396 53.574834399195 -12148.3848626117 169.868290375388 53.3412350437374 -14073.3987166535 170.125361425099 53.5588559519922 -27572.4342804145
168.914700013426 54.088323284606 -23948.6856192456 168.635079638755 53.887667861234 -11635.3645074348 169.191597795396 53.574834399195 -12148.3848626117 169.474982480013 53.7752055172886 -25662.7019904613
168.326043191593 54.3893382542255 -23757.1312157667 168.040850795139 54.178489736133 -11564.4117530374 168.635079638755 53.887667861234 -11635.3645074348 168.914700013426 54.088323284606 -23948.6856192456
167.745521760738 54.6908918084425 -23839.676457947 167.468211892096 54.4703962536397 -11723.6679874072 168.040850795139 54.178489736133 -11564.4117530374 168.326043191593 54.3893382542255 -23757.1312157667
167.166134517412 54.9901837478216 -23828.0977807619 166.89630455469 54.7581405204938 -11808.4627448839 167.468211892096 54.4703962536397 -11723.6679874072 167.745521760738 54.6908918084425 -23839.676457947
166.590413475904 55.285632644273 -23719.8720379211 166.333597054851 55.0379819277614 -11827.9222348353 166.89630455469 54.7581405204938 -11808.4627448839 167.166134517412 54.9901837478216 -23828.0977807619
166.018215970361 55.579070389307 -23610.8761107993 165.77978716156 55.3138248986683 -11855.3122870951 166.333597054851 55.0379819277614 -11827.9222348353 166.590413475904 55.285632644273 -23719.8720379211
165.449909766108 55.8718059839172 -23569.9382385429 165.238773208631 55.586554381734 -11945.3950504553 165.77978716156 55.3138248986683 -11855.3122870951 166.018215970361 55.579070389307 -23610.8761107993
164.91007956805 56.165886743108 -24253.1559212737 164.746756644971 55.857431275573 -12470.7936096896 165.238773208631 55.586554381734 -11945.3950504553 165.449909766108 55.8718059839172 -23569.9382385429
212.648826018201 62.0972124744234 -45000 213.145534725086 61.3396735567208 -36397.0869141982 213.920872319778 61.4896318050253 -35006.0385846688 213.322436459003 62.2502551223041 -45000
211.859236283384 62.1190374552 -45000 212.520472572661 61.3522502216636 -34701.3580989112 213.145534725086 61.3396735567208 -36397.0869141982 212.648826018201 62.0972124744234 -45000
210.832758236551 62.0087192717287 -45000 211.746668715872 61.2473853473106 -33718.0244626362 212.520472572661 61.3522502216636 -34701.3580989112 211.859236283384 62.1190374552 -45000
210.21768002092 61.5638469502361 -45000 211.384698767096 60.9276964890797 -34129.3298741954 211.746668715872 61.2473853473106 -33718.0244626362 210.832758236551 62.0087192717287 -45000
209.944206487957 61.1471959204311 -45000 211.054116638655 60.5286873012636 -34111.413781627 211.384698767096 60.9276964890797 -34129.3298741954 210.21768002092 61.5638469502361 -45000
209.638174690651 60.7449895917068 -45000 210.609250503484 60.134956497356 -31944.6314908348 211.054116638655 60.5286873012636 -34111.413781627 209.944206487957 61.1471959204311 -45000
209.277754598867 60.3460698210151 -45000 210.185677181298 59.7427399948908 -29154.8491503175 210.609250503484 60.134956497356 -31944.6314908348 209.638174690651 60.7449895917068 -45000
208.800606996062 59.9772702497162 -45000 209.768130860388 59.4173509371179 -26875.7462653454 210.185677181298 59.7427399948908 -29154.8491503175 209.277754598867 60.3460698210151 -45000
208.291013923881 59.6066391357503 -45000 209.232935756803 59.0742023184411 -23735.6635228595 209.768130860388 59.4173509371179 -26875.7462653454 208.800606996062 59.9772702497162 -45000
208.174711489218 59.152442396693 -45000 209.040426960098 58.7044192337632 -27376.1983288325 209.232935756803 59.0742023184411 -23735.6635228595 208.291013923881 59.6066391357503 -45000
208.038163463033 58.7716969692542 -45000 208.832763979525 58.3629181429655 -31789.4359350213 209.040426960098 58.7044192337632 -27376.1983288325 208.174711489218 59.152442396693 -45000
207.494995786368 58.5532473099907 -45000 208.224160127238 58.1095436775697 -30624.375285538 208.832763979525 58.3629181429655 -31789.4359350213 208.038163463033 58.7716969692542 -45000
206.962064959984 58.2797912383953 -45000 207.622076453401 57.8272813024337 -30049.3438333356 208.224160127238 58.1095436775697 -30624.375285538 207.494995786368 58.5532473099907 -45000
206.28769543576 58.1119702702509 -45000 206.985440081039 57.6528876857835 -26631.4689803776 207.622076453401 57.8272813024337 -30049.3438333356 206.962064959984 58.2797912383953 -45000
205.448265442998 57.9308163566304 -45000 206.256199874885 57.4990836898063 -25425.9764783835 206.985440081039 57.6528876857835 -26631.4689803776 206.28769543576 58.1119702702509 -45000
205.194639968561 57.47261478806 -45000 205.841217671563 57.1082862531248 -23816.9392979148 206.256199874885 57.4990836898063 -25425.9764783835 205.448265442998 57.9308163566304 -45000
204.732947531899 57.1268938379044 -45000 205.332017057189 56.786528784294 -25063.4096073379 205.841217671563 57.1082862531248 -23816.9392979148 205.194639968561 57.47261478806 -45000
204.170941110478 56.8360277887399 -45000 204.672938204946 56.4744975249595 -25792.6223465164 205.332017057189 56.786528784294 -25063.4096073379 204.732947531899 57.1268938379044 -45000
203.469993773172 56.6190249557252 -45000 203.944510994777 56.2359007159366 -25105.8112687184 204.672938204946 56.4744975249595 -25792.6223465164 204.170941110478 56.8360277887399 -45000
202.829170740575 56.3368148201247 -45000 203.318601278892 55.9431293742709 -25261.2081513285 203.944510994777 56.2359007159366 -25105.8112687184 203.469993773172 56.6190249557252 -45000
202.173710371874 56.0792768545316 -45000 202.649742418334 55.6949442424064 -27058.9590650477 203.318601278892 55.9431293742709 -25261.2081513285 202.829170740575 56.3368148201247 -45000
201.553674794505 55.8072638012157 -45000 201.991172691139 55.4419215108456 -29435.1097948714 202.649742418334 55.6949442424064 -27058.9590650477 202.173710371874 56.0792768545316 -45000
200.937885359524 55.5530317841779 -45000 201.303009400191 55.2032055985344 -29653.420483009 201.991172691139 55.4419215108456 -29435.1097948714 201.553674794505 55.8072638012157 -45000
200.295872601938 55.3314142908687 -45000 200.582590935707 54.9926723553953 -28558.0899198606 201.303009400191 55.2032055985344 -29653.420483009 200.937885359524 55.5530317841779 -45000
199.556444401056 55.215893688611 -45000 199.8224267451 54.8642047065922 -27917.9670181227 200.582590935707 54.9926723553953 -28558.0899198606 200.295872601938 55.3314142908687 -45000
198.792644390109 55.0774546241818 -45000 199.0836474622 54.7315973911139 -28394.7809158268 199.8224267451 54.8642047065922 -27917.9670181227 199.556444401056 55.215893688611 -45000
198.063281163054 54.8738645691545 -45000 198.387777841404 54.5522081592684 -28633.1985966869 199.0836474622 54.7315973911139 -28394.7809158268 198.792644390109 55.0774546241818 -45000
197.4668541571 54.5768141138036 -45000 197.750291169921 54.3019144704051 -28530.9976160819 198.387777841404 54.5522081592684 -28633.1985966869 198.063281163054 54.8738645691545 -45000
196.847661443712 54.3286849290718 -45000 197.083055705179 54.0702403724354 -28934.2114991134 197.750291169921 54.3019144704051 -28530.9976160819 197.4668541571 54.5768141138036 -45000
196.179831163707 54.1488185024706 -45000 196.378884331297 53.8858147262874 -29242.249335602 197.083055705179 54.0702403724354 -28934.2114991134 196.847661443712 54.3286849290718 -45000
195.473573357495 54.0185845901651 -45000 195.666502293773 53.7441923346056 -29047.5546059341 196.378884331297 53.8858147262874 -29242.249335602 196.179831163707 54.1488185024706 -45000
194.749261628635 53.9048863224247 -45000 194.95906415456 53.6141320237736 -29263.4118746048 195.666502293773 53.7441923346056 -29047.5546059341 195.473573357495 54.0185845901651 -45000
194.042974313114 53.7344175358226 -45000 194.285662979093 53.451556657915 -29910.8047287827 194.95906415456 53.6141320237736 -29263.4118746048 194.749261628635 53.9048863224247 -45000
193.484024250107 53.4510680414853 -45000 193.68262857971 53.1970733514748 -28850.7814216981 194.285662979093 53.451556657915 -29910.8047287827 194.042974313114 53.7344175358226 -45000
192.836147903592 53.2698667992157 -45000 193.01510821777 53.0156086405099 -28582.6985587503 193.68262857971 53.1970733514748 -28850.7814216981 193.484024250107 53.4510680414853 -45000
192.161076667038 53.1251393881457 -45000 192.323568622328 52.8662429349478 -28553.0552870436 193.01510821777 53.0156086405099 -28582.6985587503 192.836147903592 53.2698667992157 -45000
191.48836879281 52.9724938332453 -45000 191.64210174774 52.7111804504912 -28240.673184223 192.323568622328 52.8662429349478 -28553.0552870436 192.161076667038 53.1251393881457 -45000
190.787681694603 52.8516885768552 -45000 190.955328829577 52.5753190726868 -28821.2776494718 191.64210174774 52.7111804504912 -28240.673184223 191.48836879281 52.9724938332453 -45000
190.131789924587 52.6620574653741 -45000 190.302792693469 52.3901150435716 -28615.1343602176 190.955328829577 52.5753190726868 -28821.2776494718 190.787681694603 52.8516885768552 -45000
189.479041993832 52.4761502988179 -45000 189.645122111687 52.2049993686733 -28689.022137384 190.302792693469 52.3901150435716 -28615.1343602176 190.131789924587 52.6620574653741 -45000
188.844303725371 52.2866247079334 -45000 188.978527908789 52.021777425661 -29034.1174449198 189.645122111687 52.2049993686733 -28689.022137384 189.479041993832 52.4761502988179 -45000
188.163913395551 52.2034824542642 -45000 188.263606296113 51.9257201661169 -28508.9111957369 188.978527908789 52.021777425661 -29034.1174449198 188.844303725371 52.2866247079334 -45000
187.447799773117 52.1911685482154 -45000 187.54176398566 51.8876676502801 -29158.4878404601 188.263606296113 51.9257201661169 -28508.9111957369 188.163913395551 52.2034824542642 -45000
186.731388243128 52.0964314896131 -45000 186.835551786927 51.8039728593348 -28790.1439007744 187.54176398566 51.8876676502801 -29158.4878404601 187.447799773117 52.1911685482154 -45000
186.04284026876 51.9685235551039 -45000 186.141871851401 51.6898330524988 -29716.7598101731 186.835551786927 51.8039728593348 -28790.1439007744 186.731388243128 52.0964314896131 -45000
185.369740917968 51.8638750356258 -45000 185.442361991579 51.5813508738019 -30300.3462166783 186.141871851401 51.6898330524988 -29716.7598101731 186.04284026876 51.9685235551039 -45000
184.667170912242 51.85555374102 -45000 184.73158170767 51.5498106197749 -30964.1534075989 185.442361991579 51.5813508738019 -30300.3462166783 185.369740917968 51.8638750356258 -45000
183.96107873186 51.8048072361762 -45000 184.031736518837 51.4938453288742 -29748.4415860892 184.73158170767 51.5498106197749 -30964.1534075989 184.667170912242 51.85555374102 -45000
183.279962141545 51.7284032759049 -45000 183.319030929024 51.4207763615775 -29432.8013228176 184.031736518837 51.4938453288742 -29748.4415860892 183.96107873186 51.8048072361762 -45000
182.592217504587 51.7453044162599 -45000 182.61854463477 51.4189344436433 -29894.6141484771 183.319030929024 51.4207763615775 -29432.8013228176 183.279962141545 51.7284032759049 -45000
181.879089985422 51.7452699526123 -45000 181.925909263015 51.4086591806249 -29273.2694467466 182.61854463477 51.4189344436433 -29894.6141484771 182.592217504587 51.7453044162599 -45000
181.192663481285 51.6264539779801 -45000 181.228992072533 51.3290411927925 -26769.513715682 181.925909263015 51.4086591806249 -29273.2694467466 181.879089985422 51.7452699526123 -45000
180.509327913961 51.5391327687655 -45000 180.536849132606 51.2615692273825 -26999.9539384503 181.228992072533 51.3290411927925 -26769.513715682 181.192663481285 51.6264539779801 -45000
179.833974123532 51.4706281649789 -45000 179.83984864529 51.2083042241471 -28337.3137697896 180.536849132606 51.2615692273825 -26999.9539384503 180.509327913961 51.5391327687655 -45000
179.162354073088 51.4773531055694 -45000 179.119597781666 51.2221345191763 -27966.5492731592 179.83984864529 51.2083042241471 -28337.3137697896 179.833974123532 51.4706281649789 -45000
178.492860280664 51.5470173623133 -45000 178.421078170869 51.2979652785791 -28070.6501594268 179.119597781666 51.2221345191763 -27966.5492731592 179.162354073088 51.4773531055694 -45000
177.835992076578 51.6290887889593 -45000 177.737023476515 51.4014871786382 -26756.2238299649 178.421078170869 51.2979652785791 -28070.6501594268 178.492860280664 51.5470173623133 -45000
177.22821715918 51.822310499969 -45000 177.09648979681 51.5930146862468 -26042.6787056746 177.737023476515 51.4014871786382 -26756.2238299649 177.835992076578 51.6290887889593 -45000
176.609900536737 52.0313306001257 -45000 176.491329521797 51.8042218715843 -24351.5100016203 177.09648979681 51.5930146862468 -26042.6787056746 177.22821715918 51.822310499969 -45000
175.917958336409 52.1078762837899 -45000 175.810892829733 51.8774156376084 -25446.5667293105 176.491329521797 51.8042218715843 -24351.5100016203 176.609900536737 52.0313306001257 -45000
175.239027882681 52.2142186363313 -45000 175.125406518277 51.9894271824616 -26207.8537734875 175.810892829733 51.8774156376084 -25446.5667293105 175.917958336409 52.1078762837899 -45000
174.563877581993 52.3230833560815 -45000 174.441666765537 52.0960431364042 -28042.8348342025 175.125406518277 51.9894271824616 -26207.8537734875 175.239027882681 52.2142186363313 -45000
173.897568204057 52.4357691975962 -45000 173.763267413645 52.2163354068822 -30147.0275353015 174.441666765537 52.0960431364042 -28042.8348342025 174.563877581993 52.3230833560815 -45000
173.272462893369 52.5500781492763 -45000 173.093532733704 52.3522770007701 -31714.5132979617 173.763267413645 52.2163354068822 -30147.0275353015 173.897568204057 52.4357691975962 -45000
172.789967997712 52.8277671988816 -45000 172.589923176996 52.6260536996778 -26259.2160316328 173.093532733704 52.3522770007701 -31714.5132979617 173.272462893369 52.5500781492763 -45000
172.219932618357 53.090525185855 -45000 172.007296509221 52.8819765664212 -26358.6683585864 172.589923176996 52.6260536996778 -26259.2160316328 172.789967997712 52.8277671988816 -45000
171.585548000106 53.3032838076937 -45000 171.387248822434 53.1087659592032 -27921.3581309965 172.007296509221 52.8819765664212 -26358.6683585864 172.219932618357 53.090525185855 -45000
170.976426067138 53.5388505586842 -45000 170.767310541291 53.3439120885914 -27796.5286065834 171.387248822434 53.1087659592032 -27921.3581309965 171.585548000106 53.3032838076937 -45000
170.352630842971 53.76672836655 -45000 170.125361425099 53.5588559519922 -27572.4342804145 170.767310541291 53.3439120885914 -27796.5286065834 170.976426067138 53.5388505586842 -45000
169.708160346643 53.9635308976412 -45000 169.474982480013 53.7752055172886 -25662.7019904613 170.125361425099 53.5588559519922 -27572.4342804145 170.352630842971 53.76672836655 -45000
169.148718307394 54.2544006015685 -45000 168.914700013426 54.088323284606 -23948.6856192456 169.474982480013 53.7752055172886 -25662.7019904613 169.708160346643 53.9635308976412 -45000
168.577906704888 54.5584215951257 -45000 168.326043191593 54.3893382542255 -23757.1312157667 168.914700013426 54.088323284606 -23948.6856192456 169.148718307394 54.2544006015685 -45000
168.003991049282 54.8640958448022 -45000 167.745521760738 54.6908918084425 -23839.676457947 168.326043191593 54.3893382542255 -23757.1312157667 168.577906704888 54.5584215951257 -45000
167.429448627473 55.1701039155703 -45000 167.166134517412 54.9901837478216 -23828.0977807619 167.745521760738 54.6908918084425 -23839.676457947 168.003991049282 54.8640958448022 -45000
166.848563991101 55.4794899269718 -45000 166.590413475904 55.285632644273 -23719.8720379211 167.166134517412 54.9901837478216 -23828.0977807619 167.429448627473 55.1701039155703 -45000
166.267008529757 55.7892332282919 -45000 166.018215970361 55.579070389307 -23610.8761107993 166.590413475904 55.285632644273 -23719.8720379211 166.848563991101 55.4794899269718 -45000
165.67758083699 56.1031693734148 -45000 165.449909766108 55.8718059839172 -23569.9382385429 166.018215970361 55.579070389307 -23610.8761107993 166.267008529757 55.7892332282919 -45000
165.061160213298 56.4314823212851 -45000 164.91007956805 56.165886743108 -24253.1559212737 165.449909766108 55.8718059839172 -23569.9382385429 165.67758083699 56.1031693734148 -45000
